182028
224517
161936
167791
283948
155873
220308
174430
3076
284083
221107
200680
247763
276025
2651
84876
28720
31260
187645
173346
251247
193738
184267
12333
124361
120677
178900
93
159675
115746
233398
17405
102794
126163
164928
274364
521
172386
4098
244114
175640
180263
26997
122515
224037
266121
175914
233078
28143
9216
265188
161533
205637
25613
144733
177736
68448
162886
166669
196340
36218
216132
236191
171623
209010
12
40354
154809
246684
27833
165401
255692
141090
35677
13122
173442
25021
230802
555
163412
203993
42
169786
198928
156943
102680
269511
31627
167355
66589
40834
70149
62222
91
228341
204516
125153
146439
73439
266192
